*********************************************
*  FQHC GEOGRAPHIC ADJ FACTOR (GAF) TABLE   *
*-------------------------------------------*
*  VERSION 2018.2                           *
*  TO BE USED WITH FQHCCAL VERSION 2018.2   *
*  RATES REVISED FOR THE 2018 EXTENDERS     *
*  LEGISLATION (WORK GPCI FLOOR EXTENDER)   *
*  AND NEW CARRIER NUMBERS                  *
*  EFFECTIVE 1/1/18 - 12/31/18              *
*-------------------------------------------*
*                                           *
* POS 1-7   CARRIER-LOCALITY                *
*     9-16  EFFECTIVE DATE (YYYYMMDD)       *
*     18-22 GEOGRAPHIC ADJ FACTOR (GAF)     *
*           (3 DECIMAL PLACES IMPLIED)      *
*                                           *
*********************************************
0111203 20141001 01154
0111203 20150101 01165
0111205 20141001 01216
0111205 20150101 01224
0111205 20170101 01208
0111205 20180101 01192
0111206 20141001 01210
0111206 20150101 01216
0111206 20170101 01204
0111206 20180101 01192
0111207 20141001 01152
0111207 20150101 01154
0111207 20170101 01173
0111207 20180101 01192
0111209 20141001 01204
0111209 20150101 01209
0111209 20170101 01210
0111209 20180101 01210
0111251 20170101 01157
0111251 20180101 01149
0111252 20170101 01158
0111252 20180101 01164
0111253 20170101 01157
0111253 20180101 01149
0111254 20170101 01050
0111254 20180101 01045
0111255 20170101 01050
0111255 20180101 01045
0111256 20170101 01050
0111256 20180101 01045
0111257 20170101 01050
0111257 20180101 01045
0111258 20170101 01050
0111258 20180101 01045
0111259 20170101 01050
0111259 20180101 01045
0111260 20170101 01050
0111260 20180101 01045
0111261 20170101 01050
0111261 20180101 01045
0111262 20170101 01050
0111262 20180101 01045
0111263 20170101 01050
0111263 20180101 01054
0111264 20170101 01052
0111264 20180101 01056
0111265 20170101 01073
0111265 20180101 01100
0111266 20170101 01061
0111266 20180101 01076
0111267 20170101 01056
0111267 20180101 01064
0111268 20170101 01050
0111268 20180101 01045
0111269 20170101 01050
0111269 20180101 01045
0111270 20170101 01050
0111270 20180101 01045
0111275 20170101 01050
0111275 20180101 01045
0111299 20141001 01053
0111299 20150101 01053
0118217 20141001 01105
0118217 20150101 01100
0118217 20170101 01098
0118217 20180101 01095
0118218 20141001 01096
0118218 20150101 01100
0118218 20170101 01104
0118218 20180101 01107
0118226 20141001 01123
0118226 20150101 01120
0118226 20170101 01114
0118226 20180101 01107
0118271 20170101 01050
0118271 20180101 01045
0118272 20170101 01054
0118272 20180101 01059
0118273 20170101 01050
0118273 20180101 01048
0118274 20170101 01055
0118274 20180101 01065
0118299 20141001 01053
0118299 20150101 01053
0121201 20141001 01075
0121201 20150101 01077
0121201 20170101 01073
0121201 20180101 01069
0131200 20141001 01026
0131200 20150101 01027
0131200 20170101 01018
0131200 20180101 01009
0210201 20141001 01307
0210201 20150101 01316
0210201 20170101 01318
0210201 20180101 01321
0220200 20141001 00951
0220200 20150101 00952
0220200 20170101 00953
0220200 20180101 00954
0230201 20141001 01025
0230201 20150101 01026
0230201 20170101 01029
0230201 20180101 01031
0230299 20141001 00984
0230299 20150101 00985
0230299 20170101 00985
0230299 20180101 00985
0240202 20141001 01084
0240202 20150101 01086
0240202 20170101 01085
0240202 20180101 01083
0240299 20141001 01007
0240299 20150101 01007
0240299 20170101 01006
0240299 20180101 01005
0310200 20141001 00995
0310200 20150101 01000
0310200 20170101 00993
0310200 20180101 00986
0320201 20141001 01000
0320201 20150101 01000
0320201 20170101 01000
0320201 20180101 01000
0330201 20141001 01000
0330201 20150101 01000
0330201 20170101 01000
0330201 20180101 01000
0340202 20141001 01000
0340202 20150101 01000
0340202 20170101 01000
0340202 20180101 01000
0350209 20141001 00962
0350209 20150101 00963
0350209 20170101 00965
0350209 20180101 00966
0360221 20141001 01000
0360221 20150101 01000
0360221 20170101 01000
0360221 20180101 01000
0411201 20141001 01004
0411201 20150101 01005
0411201 20170101 01007
0411201 20180101 01008
0421205 20141001 00962
0421205 20150101 00962
0421205 20170101 00963
0421205 20180101 00963
0431200 20141001 00936
0431200 20150101 00940
0431200 20170101 00945
0431200 20180101 00949
0441209 20141001 01002
0441209 20150101 01005
0441209 20170101 01008
0441209 20180101 01009
0441211 20141001 01014
0441211 20150101 01014
0441211 20170101 01014
0441211 20180101 01013
0441215 20141001 01010
0441215 20150101 01016
0441215 20170101 01016
0441215 20180101 01016
0441218 20141001 01009
0441218 20150101 01013
0441218 20170101 01015
0441218 20180101 01016
0441220 20141001 00953
0441220 20150101 00954
0441220 20170101 00959
0441220 20180101 00964
0441228 20141001 00995
0441228 20150101 01000
0441228 20170101 00999
0441228 20180101 00997
0441231 20141001 01007
0441231 20150101 01009
0441231 20170101 01009
0441231 20180101 01010
0441299 20141001 00961
0441299 20150101 00963
0441299 20170101 00967
0441299 20180101 00971
0510200 20141001 00949
0510200 20150101 00951
0510200 20170101 00954
0510200 20180101 00956
0520200 20141001 00953
0520200 20150101 00955
0520200 20170101 00956
0520200 20180101 00958
0530201 20141001 00981
0530201 20150101 00979
0530201 20170101 00980
0530201 20180101 00981
0530202 20141001 00978
0530202 20150101 00978
0530202 20170101 00980
0530202 20180101 00983
0530299 20141001 00930
0530299 20150101 00929
0530299 20170101 00933
0530299 20180101 00936
0540200 20141001 00956
0540200 20150101 00957
0540200 20170101 00957
0540200 20180101 00958
0610212 20141001 00970
0610212 20150101 00969
0610212 20170101 00970
0610212 20180101 00970
0610215 20141001 01041
0610215 20150101 01033
0610215 20170101 01032
0610215 20180101 01030
0610216 20141001 01033
0610216 20150101 01026
0610216 20170101 01023
0610216 20180101 01020
0610299 20141001 00957
0610299 20150101 00957
0610299 20170101 00960
0610299 20180101 00962
0620200 20141001 01007
0620200 20150101 01009
0620200 20170101 01007
0620200 20180101 01005
0630200 20141001 00980
0630200 20150101 00979
0630200 20170101 00979
0630200 20180101 00980
0710213 20141001 00937
0710213 20150101 00938
0710213 20170101 00939
0710213 20180101 00940
0720201 20141001 00991
0720201 20150101 00992
0720201 20170101 00988
0720201 20180101 00984
0720299 20141001 00945
0720299 20150101 00947
0720299 20170101 00947
0720299 20180101 00947
0730200 20141001 00937
0730200 20150101 00936
0730200 20170101 00938
0730200 20180101 00939
0810200 20141001 00963
0810200 20150101 00963
0810200 20170101 00963
0810200 20180101 00962
0820201 20141001 01010
0820201 20150101 00997
0820201 20170101 00996
0820201 20180101 00995
0820299 20141001 00963
0820299 20150101 00963
0820299 20170101 00963
0820299 20180101 00962
0910203 20141001 01019
0910203 20150101 01014
0910203 20170101 01010
0910203 20180101 01006
0910204 20141001 01021
0910204 20150101 01015
0910204 20170101 01015
0910204 20180101 01014
0910299 20141001 00983
0910299 20150101 00981
0910299 20170101 00979
0910299 20180101 00978
0920220 20141001 00856
0920220 20150101 00862
0920220 20170101 00933
0920220 20180101 01003
0930250 20141001 01002
0930250 20150101 00981
0930250 20170101 01003
0930250 20180101 01003
1011200 20141001 00945
1011200 20150101 00947
1011200 20170101 00948
1011200 20180101 00948
1021201 20141001 01005
1021201 20150101 01002
1021201 20170101 01000
1021201 20180101 00999
1021299 20141001 00953
1021299 20150101 00953
1021299 20170101 00953
1021299 20180101 00953
1031235 20141001 00952
1031235 20150101 00952
1031235 20170101 00953
1031235 20180101 00954
1120201 20141001 00958
1120201 20150101 00959
1120201 20170101 00959
1120201 20180101 00959
1130200 20141001 00991
1130200 20150101 00992
1130200 20170101 00993
1130200 20180101 00993
1140216 20141001 00921
1140216 20150101 00923
1140216 20170101 00928
1140216 20180101 00933
1150200 20141001 00967
1150200 20150101 00967
1150200 20170101 00968
1150200 20180101 00968
1210201 20141001 01024
1210201 20150101 01021
1210201 20170101 01017
1210201 20180101 01013
1220201 20141001 01121
1220201 20150101 01123
1220201 20170101 01122
1220201 20180101 01120
1230201 20141001 01059
1230201 20150101 01058
1230201 20170101 01057
1230201 20180101 01057
1230299 20141001 01024
1230299 20150101 01025
1230299 20170101 01023
1230299 20180101 01020
1240201 20141001 01109
1240201 20150101 01107
1240201 20170101 01107
1240201 20180101 01106
1240299 20141001 01071
1240299 20150101 01072
1240299 20170101 01071
1240299 20180101 01070
1250201 20141001 01044
1250201 20150101 01052
1250201 20170101 01050
1250201 20180101 01046
1250299 20141001 00963
1250299 20150101 00967
1250299 20170101 00969
1250299 20180101 00970
1310200 20141001 01067
1310200 20150101 01069
1310200 20170101 01067
1310200 20180101 01064
1320201 20141001 01108
1320201 20150101 01106
1320201 20170101 01109
1320201 20180101 01112
1320202 20141001 01124
1320202 20150101 01122
1320202 20170101 01120
1320202 20180101 01118
1320203 20141001 01039
1320203 20150101 01040
1320203 20170101 01041
1320203 20180101 01041
1328299 20141001 00973
1328299 20150101 00974
1328299 20170101 00976
1328299 20180101 00977
1329204 20141001 01123
1329204 20150101 01121
1329204 20170101 01121
1329204 20180101 01121
1411203 20141001 01007
1411203 20150101 01003
1411203 20170101 01003
1411203 20180101 01003
1411299 20141001 00958
1411299 20150101 00962
1411299 20170101 00963
1411299 20180101 00963
1421201 20141001 01082
1421201 20150101 01085
1421201 20170101 01093
1421201 20180101 01101
1421299 20141001 01038
1421299 20150101 01040
1421299 20170101 01041
1421299 20180101 01042
1431240 20141001 01024
1431240 20150101 01027
1431240 20170101 01024
1431240 20180101 01021
1441201 20141001 01035
1441201 20150101 01037
1441201 20170101 01038
1441201 20180101 01038
1451250 20141001 01003
1451250 20150101 01002
1451250 20170101 01005
1451250 20180101 01007
1510200 20141001 00940
1510200 20150101 00940
1510200 20170101 00942
1510200 20180101 00944
1520200 20141001 00964
1520200 20150101 00962
1520200 20170101 00962
1520200 20180101 00961
